false_id,id,counter,frequency,spreading_factor,bandwidth,rssi,snr,createdAt,updatedAt
214,21,1,915,10,500000,-7,6.0,14:04.0,2020-02-18T12:14:03.969Z
216,23,2,915,10,500000,-7,6.25,14:14.5,2020-02-18T12:14:14.461Z
218,25,3,915,10,500000,-7,5.5,14:25.0,2020-02-18T12:14:24.969Z
220,27,4,915,10,500000,-7,6.25,14:35.4,2020-02-18T12:14:35.442Z
222,29,5,915,10,500000,-6,6.0,14:45.9,2020-02-18T12:14:45.916Z
1391,112,1,915,10,500000,-6,6.75,28:11.5,2020-02-18T12:28:11.499Z
1393,114,2,915,10,500000,-6,6.5,28:22.0,2020-02-18T12:28:22.021Z
1395,116,3,915,10,500000,-6,6.0,28:32.5,2020-02-18T12:28:32.502Z
1397,118,4,915,10,500000,-6,6.25,28:43.0,2020-02-18T12:28:43.017Z
1399,120,5,915,10,500000,-6,6.5,28:53.6,2020-02-18T12:28:53.599Z
2782,202,1,915,10,500000,-6,6.75,42:08.3,2020-02-18T12:42:08.307Z
2784,204,2,915,10,500000,-6,6.75,42:18.9,2020-02-18T12:42:18.864Z
2786,206,3,915,10,500000,-6,6.0,42:29.3,2020-02-18T12:42:29.339Z
2788,208,4,915,10,500000,-6,6.25,42:39.8,2020-02-18T12:42:39.808Z
2790,210,5,915,10,500000,-6,6.25,42:50.4,2020-02-18T12:42:50.408Z
224,292,1,915,10,500000,-6,6.5,56:05.3,2020-02-18T12:56:05.300Z
226,294,2,915,10,500000,-7,6.25,56:15.9,2020-02-18T12:56:15.873Z
228,296,3,915,10,500000,-6,6.5,56:26.4,2020-02-18T12:56:26.358Z
230,298,4,915,10,500000,-6,6.5,56:36.8,2020-02-18T12:56:36.830Z
232,300,5,915,10,500000,-7,6.0,56:47.3,2020-02-18T12:56:47.328Z
1401,382,1,915,10,500000,-6,6.5,10:02.3,2020-02-18T13:10:02.311Z
1403,384,2,915,10,500000,-6,6.5,10:12.8,2020-02-18T13:10:12.802Z
1405,386,3,915,10,500000,-6,6.5,10:23.4,2020-02-18T13:10:23.382Z
1407,388,4,915,10,500000,-6,6.5,10:33.9,2020-02-18T13:10:33.853Z
1409,390,5,915,10,500000,-7,6.25,10:44.3,2020-02-18T13:10:44.337Z
2792,472,1,915,10,500000,-6,6.75,23:59.4,2020-02-18T13:23:59.381Z
2794,474,2,915,10,500000,-6,6.5,24:09.9,2020-02-18T13:24:09.880Z
2796,476,3,915,10,500000,-6,6.25,24:20.3,2020-02-18T13:24:20.316Z
2899,478,4,915,10,500000,-5,6.5,24:30.9,2020-02-18T13:24:30.887Z
2901,480,5,915,10,500000,-6,6.5,24:41.4,2020-02-18T13:24:41.400Z
3862,562,1,915,10,500000,-6,6.0,37:56.3,2020-02-18T13:37:56.346Z
3864,564,2,915,10,500000,-6,6.5,38:06.8,2020-02-18T13:38:06.771Z
3865,565,3,915,10,500000,-6,6.25,38:17.3,2020-02-18T13:38:17.308Z
14,567,4,915,10,500000,-6,6.25,38:27.8,2020-02-18T13:38:27.790Z
16,569,5,915,10,500000,-6,6.75,38:38.3,2020-02-18T13:38:38.298Z
1298,651,1,915,10,500000,-6,6.75,51:53.3,2020-02-18T13:51:53.312Z
1300,653,2,915,10,500000,-6,6.25,52:03.8,2020-02-18T13:52:03.772Z
1302,655,3,915,10,500000,-6,6.25,52:14.2,2020-02-18T13:52:14.246Z
1411,657,4,915,10,500000,-6,6.0,52:24.8,2020-02-18T13:52:24.817Z
1413,659,5,915,10,500000,-7,6.75,52:35.3,2020-02-18T13:52:35.311Z
2475,741,1,915,10,500000,-6,6.75,05:50.4,2020-02-18T14:05:50.355Z
2477,743,2,915,10,500000,-6,6.25,06:00.8,2020-02-18T14:06:00.786Z
2479,745,3,915,10,500000,-6,6.0,06:11.3,2020-02-18T14:06:11.271Z
2481,747,4,915,10,500000,-5,5.75,06:21.7,2020-02-18T14:06:21.748Z
2483,749,5,915,10,500000,-6,6.25,06:32.2,2020-02-18T14:06:32.219Z
3656,831,1,915,10,500000,-6,6.5,19:47.2,2020-02-18T14:19:47.242Z
3658,833,2,915,10,500000,-6,6.5,19:57.7,2020-02-18T14:19:57.705Z
3757,835,3,915,10,500000,-6,6.5,20:08.7,2020-02-18T14:20:08.701Z
3759,837,4,915,10,500000,-6,6.0,20:18.7,2020-02-18T14:20:18.716Z
3761,839,5,915,10,500000,-6,6.5,20:29.3,2020-02-18T14:20:29.296Z
1087,892,1,915,10,500000,-5,6.5,33:44.3,2020-02-18T14:33:44.299Z
1089,894,2,915,10,500000,-6,6.5,33:54.7,2020-02-18T14:33:54.718Z
1091,896,3,915,10,500000,-6,6.0,34:05.3,2020-02-18T14:34:05.298Z
1093,898,4,915,10,500000,-6,6.25,34:15.8,2020-02-18T14:34:15.801Z
1095,900,5,915,10,500000,-6,6.25,34:26.3,2020-02-18T14:34:26.280Z
2380,982,1,915,10,500000,-6,6.75,47:41.2,2020-02-18T14:47:41.250Z
2382,984,2,915,10,500000,-6,6.5,47:51.8,2020-02-18T14:47:51.766Z
2384,986,3,915,10,500000,-6,6.25,48:02.3,2020-02-18T14:48:02.255Z
2386,988,4,915,10,500000,-6,6.5,48:12.7,2020-02-18T14:48:12.720Z
2388,990,5,915,10,500000,-6,6.5,48:23.3,2020-02-18T14:48:23.299Z
3660,1072,1,915,10,500000,-6,6.75,01:38.2,2020-02-18T15:01:38.226Z
3662,1074,2,915,10,500000,-6,6.25,01:48.8,2020-02-18T15:01:48.799Z
3664,1076,3,915,10,500000,-6,6.75,01:59.3,2020-02-18T15:01:59.272Z
3666,1078,4,915,10,500000,-6,6.25,02:09.8,2020-02-18T15:02:09.787Z
3668,1080,5,915,10,500000,-7,6.75,02:20.2,2020-02-18T15:02:20.244Z
673,1161,1,915,10,500000,-6,6.25,15:35.3,2020-02-18T15:15:35.270Z
675,1163,2,915,10,500000,-7,6.75,15:45.7,2020-02-18T15:15:45.716Z
677,1165,3,915,10,500000,-6,6.25,15:56.3,2020-02-18T15:15:56.295Z
679,1167,4,915,10,500000,-6,6.75,16:07.0,2020-02-18T15:16:06.974Z
681,1169,5,915,10,500000,-6,6.5,16:17.3,2020-02-18T15:16:17.271Z
1739,1251,1,915,10,500000,-6,6.5,29:32.2,2020-02-18T15:29:32.189Z
1741,1253,2,915,10,500000,-6,6.5,29:42.7,2020-02-18T15:29:42.735Z
1743,1255,3,915,10,500000,-6,6.5,29:53.2,2020-02-18T15:29:53.218Z
1745,1257,4,915,10,500000,-6,6.5,30:03.7,2020-02-18T15:30:03.702Z
1747,1259,5,915,10,500000,-7,6.5,30:14.3,2020-02-18T15:30:14.293Z
2909,1341,1,915,10,500000,-6,6.25,43:29.2,2020-02-18T15:43:29.221Z
2911,1343,2,915,10,500000,-6,6.75,43:39.8,2020-02-18T15:43:39.755Z
3037,1346,4,915,10,500000,-6,6.25,44:00.7,2020-02-18T15:44:00.716Z
3039,1348,5,915,10,500000,-6,6.25,44:11.2,2020-02-18T15:44:11.200Z
256,1429,1,915,10,500000,-6,6.25,57:26.3,2020-02-18T15:57:26.267Z
258,1431,2,915,10,500000,-6,6.5,57:36.7,2020-02-18T15:57:36.711Z
260,1433,3,915,10,500000,-6,6.75,57:47.2,2020-02-18T15:57:47.250Z
357,1435,4,915,10,500000,-7,6.5,57:57.7,2020-02-18T15:57:57.730Z
359,1437,5,915,10,500000,-6,6.5,58:08.3,2020-02-18T15:58:08.292Z
1324,1519,1,915,10,500000,-6,6.25,11:23.2,2020-02-18T16:11:23.192Z
1326,1521,2,915,10,500000,-6,6.5,11:33.7,2020-02-18T16:11:33.738Z
1328,1523,3,915,10,500000,-7,6.25,11:44.2,2020-02-18T16:11:44.217Z
1330,1525,4,915,10,500000,-6,6.5,11:54.7,2020-02-18T16:11:54.703Z
1332,1527,5,915,10,500000,-6,6.5,12:05.3,2020-02-18T16:12:05.293Z
2602,1609,1,915,10,500000,-6,6.0,25:20.5,2020-02-18T16:25:20.476Z
2604,1611,2,915,10,500000,-7,6.25,25:31.0,2020-02-18T16:25:30.979Z
2606,1613,3,915,10,500000,-7,5.5,25:41.5,2020-02-18T16:25:41.461Z
2608,1615,4,915,10,500000,-6,5.75,25:52.0,2020-02-18T16:25:51.974Z
2610,1617,5,915,10,500000,-7,6.25,26:02.4,2020-02-18T16:26:02.406Z
3575,1699,1,915,10,500000,-6,6.5,39:17.4,2020-02-18T16:39:17.418Z
3577,1701,2,915,10,500000,-7,6.0,39:28.0,2020-02-18T16:39:27.988Z
3579,1703,3,915,10,500000,-6,6.25,39:38.4,2020-02-18T16:39:38.426Z
3581,1705,4,915,10,500000,-6,5.75,39:49.0,2020-02-18T16:39:48.980Z
3583,1707,5,915,10,500000,-7,6.25,39:59.5,2020-02-18T16:39:59.456Z
910,1769,1,915,10,500000,-6,6.0,53:14.4,2020-02-18T16:53:14.414Z
912,1771,2,915,10,500000,-7,6.5,53:24.9,2020-02-18T16:53:24.916Z
914,1773,3,915,10,500000,-6,6.5,53:35.4,2020-02-18T16:53:35.447Z
916,1775,4,915,10,500000,-7,6.0,53:45.9,2020-02-18T16:53:45.941Z
918,1777,5,915,10,500000,-7,6.75,53:56.4,2020-02-18T16:53:56.419Z
2183,1858,1,915,10,500000,-7,6.0,07:11.7,2020-02-18T17:07:11.666Z
2185,1860,2,915,10,500000,-7,6.5,07:22.1,2020-02-18T17:07:22.135Z
2187,1862,3,915,10,500000,-6,6.75,07:32.6,2020-02-18T17:07:32.616Z
2189,1864,4,915,10,500000,-6,5.5,07:43.1,2020-02-18T17:07:43.117Z
2191,1866,5,915,10,500000,-7,6.25,07:53.7,2020-02-18T17:07:53.692Z
3255,1948,1,915,10,500000,-6,6.5,21:08.9,2020-02-18T17:21:08.880Z
3257,1950,2,915,10,500000,-7,6.25,21:19.1,2020-02-18T17:21:19.146Z
3259,1952,3,915,10,500000,-6,6.5,21:29.6,2020-02-18T17:21:29.625Z
3368,1954,4,915,10,500000,-7,6.25,21:40.1,2020-02-18T17:21:40.127Z
3370,1956,5,915,10,500000,-7,6.25,21:50.7,2020-02-18T17:21:50.674Z
577,2037,1,915,10,500000,-7,6.0,35:05.6,2020-02-18T17:35:05.599Z
579,2039,2,915,10,500000,-6,6.25,35:16.2,2020-02-18T17:35:16.151Z
581,2041,3,915,10,500000,-6,6.0,35:26.6,2020-02-18T17:35:26.635Z
583,2043,4,915,10,500000,-6,6.25,35:37.1,2020-02-18T17:35:37.109Z
585,2045,5,915,10,500000,-7,6.25,35:47.6,2020-02-18T17:35:47.578Z
1652,2127,1,915,10,500000,-7,6.25,49:02.6,2020-02-18T17:49:02.591Z
1654,2129,2,915,10,500000,-7,6.0,49:13.1,2020-02-18T17:49:13.074Z
1656,2131,3,915,10,500000,-6,6.0,49:23.5,2020-02-18T17:49:23.546Z
1658,2133,4,915,10,500000,-6,6.25,49:34.0,2020-02-18T17:49:34.026Z
1660,2135,5,915,10,500000,-7,6.75,49:44.6,2020-02-18T17:49:44.607Z
2713,2217,1,915,10,500000,-7,6.0,02:59.8,2020-02-18T18:02:59.791Z
2715,2219,2,915,10,500000,-7,6.0,03:10.3,2020-02-18T18:03:10.269Z
2717,2221,3,915,10,500000,-7,7.25,03:20.8,2020-02-18T18:03:20.824Z
2719,2223,4,915,10,500000,-7,6.25,03:31.3,2020-02-18T18:03:31.312Z
2721,2225,5,915,10,500000,-7,6.25,03:41.8,2020-02-18T18:03:41.798Z
3795,2307,1,915,10,500000,-7,6.5,16:56.8,2020-02-18T18:16:56.797Z
3797,2309,2,915,10,500000,-7,5.75,17:07.3,2020-02-18T18:17:07.305Z
3799,2311,3,915,10,500000,-7,6.0,17:17.7,2020-02-18T18:17:17.742Z
3801,2313,4,915,10,500000,-7,6.5,17:28.3,2020-02-18T18:17:28.321Z
3803,2315,5,915,10,500000,-7,6.5,17:38.8,2020-02-18T18:17:38.796Z
817,2397,1,915,10,500000,-7,5.75,30:53.8,2020-02-18T18:30:53.810Z
819,2399,2,915,10,500000,-7,6.25,31:04.3,2020-02-18T18:31:04.317Z
821,2401,3,915,10,500000,-7,5.75,31:14.8,2020-02-18T18:31:14.762Z
823,2403,4,915,10,500000,-7,6.0,31:25.2,2020-02-18T18:31:25.238Z
825,2405,5,915,10,500000,-7,6.25,31:35.8,2020-02-18T18:31:35.806Z
1773,2486,1,915,10,500000,-7,6.25,44:51.0,2020-02-18T18:44:50.965Z
1775,2488,2,915,10,500000,-7,6.0,45:01.5,2020-02-18T18:45:01.536Z
1777,2490,3,915,10,500000,-7,6.5,45:12.0,2020-02-18T18:45:12.013Z
1779,2492,4,915,10,500000,-7,6.25,45:22.5,2020-02-18T18:45:22.489Z
1781,2494,5,915,10,500000,-7,6.5,45:33.0,2020-02-18T18:45:32.972Z
2943,2576,1,915,10,500000,-7,6.0,58:48.0,2020-02-18T18:58:47.976Z
2945,2578,2,915,10,500000,-7,6.25,58:58.5,2020-02-18T18:58:58.492Z
3067,2580,3,915,10,500000,-7,6.25,59:09.3,2020-02-18T18:59:09.302Z
3069,2582,4,915,10,500000,-7,6.0,59:19.5,2020-02-18T18:59:19.472Z
3071,2584,5,915,10,500000,-7,6.0,59:30.1,2020-02-18T18:59:30.064Z
380,2646,1,915,10,500000,-7,6.25,12:45.3,2020-02-18T19:12:45.257Z
382,2648,2,915,10,500000,-7,6.25,12:55.7,2020-02-18T19:12:55.724Z
384,2650,3,915,10,500000,-7,6.0,13:06.5,2020-02-18T19:13:06.508Z
386,2652,4,915,10,500000,-7,5.75,13:16.7,2020-02-18T19:13:16.722Z
388,2654,5,915,10,500000,-7,6.0,13:27.2,2020-02-18T19:13:27.193Z
1562,2735,1,915,10,500000,-7,6.75,26:42.3,2020-02-18T19:26:42.287Z
1564,2737,2,915,10,500000,-7,6.0,26:52.8,2020-02-18T19:26:52.755Z
1566,2739,3,915,10,500000,-7,6.0,27:03.2,2020-02-18T19:27:03.233Z
1568,2741,4,915,10,500000,-7,6.25,27:13.7,2020-02-18T19:27:13.716Z
1570,2743,5,915,10,500000,-7,6.0,27:24.3,2020-02-18T19:27:24.286Z
3390,2821,1,915,10,500000,-7,6.25,41:32.6,2020-02-18T19:41:32.560Z
3392,2823,2,915,10,500000,-7,6.0,41:45.6,2020-02-18T19:41:45.562Z
3495,2824,3,915,10,500000,-7,6.25,42:00.5,2020-02-18T19:42:00.549Z
3609,2825,4,915,10,500000,-7,6.25,42:15.6,2020-02-18T19:42:15.594Z
3611,2827,5,915,10,500000,-7,6.0,42:30.6,2020-02-18T19:42:30.554Z
3179,2927,1,915,10,500000,-7,6.5,12:51.1,2020-02-18T20:12:51.110Z
3181,2929,2,915,10,500000,-7,6.0,13:01.6,2020-02-18T20:13:01.561Z
3183,2931,3,915,10,500000,-7,5.75,13:12.1,2020-02-18T20:13:12.054Z
3185,2933,4,915,10,500000,-7,5.75,13:22.6,2020-02-18T20:13:22.556Z
3187,2935,5,915,10,500000,-7,6.0,13:33.0,2020-02-18T20:13:33.035Z
499,3017,1,915,10,500000,-7,5.75,26:48.0,2020-02-18T20:26:47.976Z
501,3019,2,915,10,500000,-7,5.75,26:58.5,2020-02-18T20:26:58.454Z
503,3021,3,915,10,500000,-7,5.75,27:09.0,2020-02-18T20:27:09.031Z
505,3023,4,915,10,500000,-7,5.25,27:19.5,2020-02-18T20:27:19.453Z
507,3025,5,915,10,500000,-7,5.75,27:30.0,2020-02-18T20:27:30.024Z
1908,3107,1,915,10,500000,-7,6.0,40:50.3,2020-02-18T20:40:50.252Z
1910,3109,2,915,10,500000,-7,6.0,41:00.8,2020-02-18T20:41:00.763Z
1912,3111,3,915,10,500000,-7,5.25,41:11.2,2020-02-18T20:41:11.240Z
2008,3113,4,915,10,500000,-7,6.0,41:21.8,2020-02-18T20:41:21.754Z
2010,3115,5,915,10,500000,-7,5.75,41:32.5,2020-02-18T20:41:32.503Z
3085,3197,1,915,10,500000,-8,6.5,54:50.7,2020-02-18T20:54:50.712Z
3087,3199,2,915,10,500000,-8,6.0,55:01.3,2020-02-18T20:55:01.255Z
3089,3201,3,915,10,500000,-7,5.5,55:11.7,2020-02-18T20:55:11.731Z
3092,3204,5,915,10,500000,-7,6.0,55:32.7,2020-02-18T20:55:32.720Z
404,3285,1,915,10,500000,-7,8.25,08:47.7,2020-02-18T21:08:47.735Z
406,3287,2,915,10,500000,-8,8.25,08:58.3,2020-02-18T21:08:58.264Z
509,3289,3,915,10,500000,-7,8.25,09:09.1,2020-02-18T21:09:09.059Z
511,3291,4,915,10,500000,-8,8.25,09:19.2,2020-02-18T21:09:19.248Z
513,3293,5,915,10,500000,-8,8.5,09:29.9,2020-02-18T21:09:29.921Z
1805,3374,1,915,10,500000,-8,7.75,22:45.2,2020-02-18T21:22:45.233Z
1807,3376,2,915,10,500000,-8,8.0,22:55.7,2020-02-18T21:22:55.706Z
1809,3378,3,915,10,500000,-8,8.25,23:07.2,2020-02-18T21:23:07.188Z
1811,3380,4,915,10,500000,-7,8.0,23:17.7,2020-02-18T21:23:17.712Z
1813,3382,5,915,10,500000,-8,8.25,23:28.2,2020-02-18T21:23:28.188Z
3094,3464,1,915,10,500000,-8,7.5,36:43.1,2020-02-18T21:36:43.146Z
3096,3466,2,915,10,500000,-8,8.5,36:53.7,2020-02-18T21:36:53.662Z
3098,3468,3,915,10,500000,-8,7.5,37:04.1,2020-02-18T21:37:04.134Z
3100,3470,4,915,10,500000,-7,5.75,37:14.6,2020-02-18T21:37:14.647Z
3102,3472,5,915,10,500000,-8,7.75,37:25.2,2020-02-18T21:37:25.228Z
1585,3523,1,915,10,500000,-8,5.75,50:40.2,2020-02-18T21:50:40.193Z
1587,3525,2,915,10,500000,-8,5.0,50:50.7,2020-02-18T21:50:50.657Z
1589,3527,3,915,10,500000,-8,5.25,51:01.1,2020-02-18T21:51:01.140Z
1591,3529,4,915,10,500000,-8,4.0,51:11.6,2020-02-18T21:51:11.627Z
1593,3531,5,915,10,500000,-9,5.5,51:22.2,2020-02-18T21:51:22.220Z
3313,3613,1,915,10,500000,-9,7.25,04:38.1,2020-02-18T22:04:38.143Z
3315,3615,2,915,10,500000,-9,7.25,04:48.7,2020-02-18T22:04:48.717Z
3413,3617,3,915,10,500000,-9,7.0,04:59.2,2020-02-18T22:04:59.227Z
3415,3619,4,915,10,500000,-8,7.25,05:10.0,2020-02-18T22:05:10.000Z
3417,3621,5,915,10,500000,-9,7.5,05:20.2,2020-02-18T22:05:20.162Z
1069,3701,1,915,10,500000,-10,6.75,18:35.2,2020-02-18T22:18:35.185Z
1168,3703,2,915,10,500000,-10,6.75,18:45.7,2020-02-18T22:18:45.652Z
1170,3705,3,915,10,500000,-10,6.5,18:56.2,2020-02-18T22:18:56.229Z
1172,3707,4,915,10,500000,-10,6.5,19:06.7,2020-02-18T22:19:06.706Z
1174,3709,5,915,10,500000,-10,6.5,19:17.2,2020-02-18T22:19:17.194Z
92,3791,1,915,10,500000,-10,6.25,32:32.2,2020-02-18T22:32:32.204Z
95,3794,3,915,10,500000,-10,6.5,32:53.2,2020-02-18T22:32:53.193Z
97,3796,4,915,10,500000,-10,6.5,33:03.7,2020-02-18T22:33:03.683Z
99,3798,5,915,10,500000,-11,6.25,33:14.2,2020-02-18T22:33:14.180Z
101,3880,1,915,10,500000,-11,8.5,47:43.2,2020-02-18T22:47:43.159Z
103,3882,2,915,10,500000,-12,8.5,47:53.7,2020-02-18T22:47:53.674Z
105,3884,3,915,10,500000,-11,7.0,48:04.1,2020-02-18T22:48:04.116Z
204,3886,4,915,10,500000,-11,8.0,48:14.6,2020-02-18T22:48:14.603Z
206,3888,5,915,10,500000,-12,8.25,48:25.2,2020-02-18T22:48:25.171Z
3969,3970,1,915,10,500000,-10,6.5,01:40.1,2020-02-18T23:01:40.074Z
3971,3972,2,915,10,500000,-10,6.0,01:50.6,2020-02-18T23:01:50.588Z
3973,3974,3,915,10,500000,-10,6.25,02:01.1,2020-02-18T23:02:01.112Z
3975,3976,4,915,10,500000,-10,5.75,02:11.6,2020-02-18T23:02:11.588Z
3977,3978,5,915,10,500000,-10,6.0,02:22.1,2020-02-18T23:02:22.066Z
4058,4059,1,915,10,500000,-9,6.25,15:37.1,2020-02-18T23:15:37.087Z
4060,4061,2,915,10,500000,-10,6.25,15:47.6,2020-02-18T23:15:47.574Z
4062,4063,3,915,10,500000,-9,6.0,15:58.0,2020-02-18T23:15:58.044Z
4064,4065,4,915,10,500000,-9,6.0,16:09.0,2020-02-18T23:16:08.973Z
4066,4067,5,915,10,500000,-7,8.0,16:19.0,2020-02-18T23:16:19.021Z
4148,4149,1,915,10,500000,-8,6.75,29:34.2,2020-02-18T23:29:34.243Z
4150,4151,2,915,10,500000,-9,7.0,29:44.8,2020-02-18T23:29:44.776Z
4152,4153,3,915,10,500000,-8,6.75,29:55.2,2020-02-18T23:29:55.241Z
4154,4155,4,915,10,500000,-8,6.5,30:05.8,2020-02-18T23:30:05.772Z
4156,4157,5,915,10,500000,-8,7.5,30:16.3,2020-02-18T23:30:16.271Z
4238,4239,1,915,10,500000,-8,7.0,43:31.3,2020-02-18T23:43:31.285Z
4240,4241,2,915,10,500000,-8,7.25,43:41.8,2020-02-18T23:43:41.786Z
4242,4243,3,915,10,500000,-8,7.5,43:52.3,2020-02-18T23:43:52.275Z
4244,4245,4,915,10,500000,-8,7.25,44:02.8,2020-02-18T23:44:02.754Z
4246,4247,5,915,10,500000,-9,6.25,44:13.2,2020-02-18T23:44:13.218Z
4327,4328,1,915,10,500000,-9,6.25,57:28.2,2020-02-18T23:57:28.212Z
4329,4330,2,915,10,500000,-10,6.5,57:38.7,2020-02-18T23:57:38.721Z
4331,4332,3,915,10,500000,-9,6.25,57:49.2,2020-02-18T23:57:49.196Z
4333,4334,4,915,10,500000,-9,6.0,57:59.7,2020-02-18T23:57:59.678Z
4335,4336,5,915,10,500000,-9,6.25,58:10.2,2020-02-18T23:58:10.243Z
4417,4418,1,915,10,500000,-9,6.0,11:25.2,2020-02-19T00:11:25.222Z
4419,4420,2,915,10,500000,-9,6.75,11:35.7,2020-02-19T00:11:35.746Z
4421,4422,3,915,10,500000,-9,6.0,11:46.3,2020-02-19T00:11:46.259Z
4423,4424,4,915,10,500000,-9,6.25,11:56.7,2020-02-19T00:11:56.741Z
4425,4426,5,915,10,500000,-9,6.5,12:07.4,2020-02-19T00:12:07.426Z
4507,4508,1,915,10,500000,-9,6.25,25:22.2,2020-02-19T00:25:22.175Z
4509,4510,2,915,10,500000,-9,6.25,25:32.6,2020-02-19T00:25:32.643Z
4511,4512,3,915,10,500000,-9,5.75,25:43.2,2020-02-19T00:25:43.192Z
4513,4514,4,915,10,500000,-9,6.25,25:53.7,2020-02-19T00:25:53.671Z
4515,4516,5,915,10,500000,-10,6.5,26:04.2,2020-02-19T00:26:04.174Z
4597,4598,1,915,10,500000,-9,6.5,39:19.2,2020-02-19T00:39:19.199Z
4599,4600,2,915,10,500000,-10,6.25,39:29.7,2020-02-19T00:39:29.691Z
4601,4602,3,915,10,500000,-9,6.0,39:40.2,2020-02-19T00:39:40.157Z
4603,4604,4,915,10,500000,-9,6.25,39:50.7,2020-02-19T00:39:50.677Z
4605,4606,5,915,10,500000,-10,6.25,40:01.2,2020-02-19T00:40:01.151Z
4725,4726,1,915,10,500000,-9,6.25,07:15.4,2020-02-19T01:07:15.405Z
4727,4728,2,915,10,500000,-9,6.25,07:25.9,2020-02-19T01:07:25.891Z
4729,4730,3,915,10,500000,-9,6.25,07:36.4,2020-02-19T01:07:36.436Z
4731,4732,4,915,10,500000,-9,6.25,07:46.9,2020-02-19T01:07:46.920Z
4733,4734,5,915,10,500000,-9,6.0,07:57.4,2020-02-19T01:07:57.393Z
4799,4800,1,915,10,500000,-9,6.0,21:12.4,2020-02-19T01:21:12.422Z
4801,4802,2,915,10,500000,-10,6.0,21:22.9,2020-02-19T01:21:22.932Z
4803,4804,3,915,10,500000,-9,6.5,21:33.7,2020-02-19T01:21:33.733Z
4805,4806,4,915,10,500000,-9,6.25,21:44.2,2020-02-19T01:21:44.239Z
4807,4808,5,915,10,500000,-10,6.5,21:54.7,2020-02-19T01:21:54.712Z
4889,4890,1,915,10,500000,-10,6.0,35:10.1,2020-02-19T01:35:10.141Z
4891,4892,2,915,10,500000,-9,6.75,35:20.2,2020-02-19T01:35:20.180Z
4893,4894,3,915,10,500000,-9,6.25,35:30.7,2020-02-19T01:35:30.652Z
4895,4896,4,915,10,500000,-9,5.75,35:41.2,2020-02-19T01:35:41.223Z
4897,4898,5,915,10,500000,-10,6.25,35:51.7,2020-02-19T01:35:51.708Z
4979,4980,1,915,10,500000,-9,6.5,49:06.7,2020-02-19T01:49:06.721Z
4981,4982,2,915,10,500000,-10,6.25,49:17.2,2020-02-19T01:49:17.174Z
4983,4984,3,915,10,500000,-9,6.5,49:27.7,2020-02-19T01:49:27.651Z
4985,4986,4,915,10,500000,-9,6.25,49:38.1,2020-02-19T01:49:38.128Z
4987,4988,5,915,10,500000,-10,6.0,49:48.6,2020-02-19T01:49:48.603Z
5119,5120,1,915,10,500000,-9,6.25,17:00.6,2020-02-19T02:17:00.605Z
5121,5122,2,915,10,500000,-11,7.25,17:11.1,2020-02-19T02:17:11.107Z
5123,5124,3,915,10,500000,-10,8.25,17:21.6,2020-02-19T02:17:21.586Z
5125,5126,4,915,10,500000,-10,6.0,17:32.1,2020-02-19T02:17:32.064Z
5127,5128,5,915,10,500000,-11,8.25,17:42.6,2020-02-19T02:17:42.561Z
5209,5210,1,915,10,500000,-10,5.5,30:57.8,2020-02-19T02:30:57.827Z
5211,5212,2,915,10,500000,-10,8.0,31:08.5,2020-02-19T02:31:08.458Z
5213,5214,3,915,10,500000,-9,5.5,31:18.9,2020-02-19T02:31:18.876Z
5215,5216,4,915,10,500000,-8,6.5,31:29.3,2020-02-19T02:31:29.345Z
5217,5218,5,915,10,500000,-10,6.25,31:39.8,2020-02-19T02:31:39.819Z
5348,5349,1,915,10,500000,-8,7.5,58:51.8,2020-02-19T02:58:51.790Z
5350,5351,2,915,10,500000,-10,6.0,59:02.3,2020-02-19T02:59:02.309Z
5352,5353,3,915,10,500000,-9,6.0,59:12.8,2020-02-19T02:59:12.829Z
5354,5355,4,915,10,500000,-9,6.0,59:23.3,2020-02-19T02:59:23.311Z
5356,5357,5,915,10,500000,-10,5.75,59:33.8,2020-02-19T02:59:33.820Z
5438,5439,1,915,10,500000,-10,5.75,12:48.9,2020-02-19T03:12:48.852Z
5440,5441,2,915,10,500000,-10,5.75,12:59.3,2020-02-19T03:12:59.318Z
5442,5443,3,915,10,500000,-10,5.75,13:10.2,2020-02-19T03:13:10.217Z
5444,5445,4,915,10,500000,-10,5.5,13:20.3,2020-02-19T03:13:20.320Z
5446,5447,5,915,10,500000,-10,6.0,13:30.8,2020-02-19T03:13:30.807Z
5504,5505,1,915,10,500000,-8,7.0,26:45.9,2020-02-19T03:26:45.859Z
5505,5506,2,915,10,500000,-8,7.25,26:56.4,2020-02-19T03:26:56.352Z
5506,5507,3,915,10,500000,-10,6.0,27:06.8,2020-02-19T03:27:06.798Z
5507,5508,4,915,10,500000,-10,5.5,27:17.4,2020-02-19T03:27:17.356Z
5508,5509,5,915,10,500000,-10,5.75,27:27.8,2020-02-19T03:27:27.788Z
5549,5550,1,915,10,500000,-8,7.0,40:42.8,2020-02-19T03:40:42.789Z
5550,5551,2,915,10,500000,-9,6.75,40:53.3,2020-02-19T03:40:53.306Z
5551,5552,3,915,10,500000,-8,7.0,41:03.8,2020-02-19T03:41:03.818Z
5552,5553,4,915,10,500000,-9,6.5,41:14.3,2020-02-19T03:41:14.261Z
5553,5554,5,915,10,500000,-9,7.0,41:24.8,2020-02-19T03:41:24.811Z
5594,5595,1,915,10,500000,-10,6.25,54:39.8,2020-02-19T03:54:39.815Z
5595,5596,3,915,10,500000,-9,6.0,55:00.8,2020-02-19T03:55:00.802Z
5596,5597,4,915,10,500000,-10,5.75,55:11.3,2020-02-19T03:55:11.313Z
5597,5598,5,915,10,500000,-10,6.25,55:21.8,2020-02-19T03:55:21.833Z
5628,5629,1,915,10,500000,-8,7.25,08:36.8,2020-02-19T04:08:36.812Z
5630,5631,2,915,10,500000,-8,7.25,08:47.4,2020-02-19T04:08:47.378Z
5632,5633,3,915,10,500000,-8,7.25,08:57.8,2020-02-19T04:08:57.812Z
5634,5635,4,915,10,500000,-8,7.0,09:08.4,2020-02-19T04:09:08.396Z
5636,5637,5,915,10,500000,-8,7.0,09:18.8,2020-02-19T04:09:18.812Z
5718,5719,1,915,10,500000,-8,7.25,22:33.8,2020-02-19T04:22:33.819Z
5720,5721,2,915,10,500000,-8,7.0,22:44.3,2020-02-19T04:22:44.315Z
5722,5723,3,915,10,500000,-8,7.25,22:54.9,2020-02-19T04:22:54.883Z
5724,5725,4,915,10,500000,-8,6.75,23:05.3,2020-02-19T04:23:05.350Z
5726,5727,5,915,10,500000,-8,7.0,23:15.9,2020-02-19T04:23:15.856Z
5808,5809,1,915,10,500000,-8,7.0,36:30.8,2020-02-19T04:36:30.784Z
5810,5811,2,915,10,500000,-8,7.0,36:41.3,2020-02-19T04:36:41.285Z
5812,5813,3,915,10,500000,-8,7.25,36:51.8,2020-02-19T04:36:51.773Z
5814,5815,4,915,10,500000,-8,7.0,37:02.2,2020-02-19T04:37:02.244Z
5816,5817,5,915,10,500000,-8,7.25,37:12.8,2020-02-19T04:37:12.826Z
5898,5899,1,915,10,500000,-8,7.25,50:27.7,2020-02-19T04:50:27.699Z
5900,5901,2,915,10,500000,-8,7.0,50:38.3,2020-02-19T04:50:38.256Z
5902,5903,3,915,10,500000,-8,6.5,50:48.7,2020-02-19T04:50:48.730Z
5904,5905,4,915,10,500000,-8,7.0,50:59.2,2020-02-19T04:50:59.201Z
5906,5907,5,915,10,500000,-9,7.0,51:09.8,2020-02-19T04:51:09.801Z
5987,5988,1,915,10,500000,-10,7.5,04:24.7,2020-02-19T05:04:24.700Z
5989,5990,2,915,10,500000,-10,7.0,04:35.2,2020-02-19T05:04:35.163Z
5991,5992,3,915,10,500000,-10,7.75,04:45.6,2020-02-19T05:04:45.644Z
5993,5994,4,915,10,500000,-10,6.75,04:56.2,2020-02-19T05:04:56.214Z
5995,5996,5,915,10,500000,-11,6.25,05:06.7,2020-02-19T05:05:06.700Z
6077,6078,1,915,10,500000,-8,6.5,18:21.9,2020-02-19T05:18:21.887Z
6079,6080,2,915,10,500000,-9,7.0,18:32.4,2020-02-19T05:18:32.374Z
6081,6082,3,915,10,500000,-8,6.75,18:42.9,2020-02-19T05:18:42.950Z
6083,6084,4,915,10,500000,-8,7.0,18:53.4,2020-02-19T05:18:53.414Z
6085,6086,5,915,10,500000,-8,7.25,19:03.9,2020-02-19T05:19:03.885Z
6167,6168,1,915,10,500000,-8,7.0,32:18.9,2020-02-19T05:32:18.878Z
6169,6170,2,915,10,500000,-9,6.5,32:29.4,2020-02-19T05:32:29.410Z
6171,6172,3,915,10,500000,-8,7.0,32:39.8,2020-02-19T05:32:39.841Z
6173,6174,4,915,10,500000,-8,7.0,32:50.4,2020-02-19T05:32:50.419Z
6175,6176,5,915,10,500000,-8,7.25,33:00.9,2020-02-19T05:33:00.901Z
6257,6258,1,915,10,500000,-8,7.25,46:15.8,2020-02-19T05:46:15.821Z
6259,6260,2,915,10,500000,-8,7.25,46:26.4,2020-02-19T05:46:26.415Z
6261,6262,3,915,10,500000,-8,6.75,46:36.9,2020-02-19T05:46:36.902Z
6263,6264,4,915,10,500000,-8,7.25,46:47.4,2020-02-19T05:46:47.377Z
6265,6266,5,915,10,500000,-8,7.0,46:57.9,2020-02-19T05:46:57.912Z
6340,6341,1,915,10,500000,-9,7.0,01:00.7,2020-02-19T06:01:00.727Z
6341,6342,2,915,10,500000,-8,6.75,01:15.7,2020-02-19T06:01:15.741Z
6342,6343,3,915,10,500000,-8,6.75,01:30.8,2020-02-19T06:01:30.795Z
6344,6345,4,915,10,500000,-8,6.75,01:45.7,2020-02-19T06:01:45.746Z
6345,6346,5,915,10,500000,-9,6.75,02:00.8,2020-02-19T06:02:00.822Z
6448,6449,1,915,10,500000,-8,6.75,21:30.2,2020-02-19T06:21:30.167Z
6450,6451,2,915,10,500000,-8,7.0,21:40.7,2020-02-19T06:21:40.651Z
6452,6453,3,915,10,500000,-7,7.0,21:51.2,2020-02-19T06:21:51.230Z
6454,6455,4,915,10,500000,-8,7.0,22:01.7,2020-02-19T06:22:01.699Z
6456,6457,5,915,10,500000,-8,6.75,22:12.2,2020-02-19T06:22:12.180Z
6505,6506,1,915,10,500000,-8,7.0,35:27.2,2020-02-19T06:35:27.231Z
6507,6508,2,915,10,500000,-8,7.25,35:37.7,2020-02-19T06:35:37.711Z
6509,6510,3,915,10,500000,-8,7.0,35:48.1,2020-02-19T06:35:48.146Z
6511,6512,4,915,10,500000,-8,7.25,35:58.7,2020-02-19T06:35:58.719Z
6513,6514,5,915,10,500000,-8,7.0,36:09.2,2020-02-19T06:36:09.208Z
6594,6595,1,915,10,500000,-8,7.0,49:24.1,2020-02-19T06:49:24.064Z
6596,6597,2,915,10,500000,-8,7.0,49:34.6,2020-02-19T06:49:34.637Z
6598,6599,3,915,10,500000,-8,6.75,49:45.1,2020-02-19T06:49:45.080Z
6600,6601,4,915,10,500000,-8,6.75,49:55.6,2020-02-19T06:49:55.567Z
6602,6603,5,915,10,500000,-8,6.75,50:06.1,2020-02-19T06:50:06.143Z
6684,6685,1,915,10,500000,-8,6.75,03:21.4,2020-02-19T07:03:21.371Z
6686,6687,2,915,10,500000,-8,6.75,03:31.9,2020-02-19T07:03:31.893Z
6688,6689,3,915,10,500000,-8,6.75,03:42.4,2020-02-19T07:03:42.364Z
6690,6691,4,915,10,500000,-8,7.0,03:52.8,2020-02-19T07:03:52.829Z
6692,6693,5,915,10,500000,-8,7.0,04:03.3,2020-02-19T07:04:03.318Z
6774,6775,1,915,10,500000,-8,7.0,17:18.6,2020-02-19T07:17:18.592Z
6776,6777,2,915,10,500000,-8,7.0,17:29.1,2020-02-19T07:17:29.079Z
6778,6779,3,915,10,500000,-8,7.0,17:39.6,2020-02-19T07:17:39.557Z
6780,6781,4,915,10,500000,-8,7.0,17:50.1,2020-02-19T07:17:50.095Z
6782,6783,5,915,10,500000,-8,7.0,18:00.5,2020-02-19T07:18:00.533Z
6864,6865,1,915,10,500000,-8,6.75,31:15.9,2020-02-19T07:31:15.864Z
6866,6867,2,915,10,500000,-8,7.0,31:26.3,2020-02-19T07:31:26.295Z
6868,6869,3,915,10,500000,-8,7.0,31:36.9,2020-02-19T07:31:36.860Z
6870,6871,4,915,10,500000,-8,7.25,31:47.3,2020-02-19T07:31:47.332Z
6872,6873,5,915,10,500000,-8,7.25,31:57.8,2020-02-19T07:31:57.776Z
6954,6955,1,915,10,500000,-8,7.0,45:12.8,2020-02-19T07:45:12.829Z
6956,6957,2,915,10,500000,-8,7.25,45:23.4,2020-02-19T07:45:23.388Z
6958,6959,3,915,10,500000,-7,7.0,45:33.8,2020-02-19T07:45:33.819Z
6960,6961,4,915,10,500000,-8,7.0,45:44.3,2020-02-19T07:45:44.294Z
6962,6963,5,915,10,500000,-8,7.0,45:54.8,2020-02-19T07:45:54.765Z
7043,7044,1,915,10,500000,-8,7.0,59:10.2,2020-02-19T07:59:10.156Z
7045,7046,2,915,10,500000,-8,7.0,59:20.6,2020-02-19T07:59:20.575Z
7047,7048,3,915,10,500000,-8,7.0,59:31.0,2020-02-19T07:59:31.034Z
7049,7050,4,915,10,500000,-8,7.0,59:41.5,2020-02-19T07:59:41.507Z
7051,7052,5,915,10,500000,-8,7.0,59:52.1,2020-02-19T07:59:52.081Z
7133,7134,1,915,10,500000,-8,7.25,13:07.2,2020-02-19T08:13:07.166Z
7135,7136,2,915,10,500000,-8,7.0,13:17.5,2020-02-19T08:13:17.525Z
7137,7138,3,915,10,500000,-8,6.75,13:28.0,2020-02-19T08:13:28.043Z
7139,7140,4,915,10,500000,-8,6.75,13:38.5,2020-02-19T08:13:38.522Z
7141,7142,5,915,10,500000,-8,7.25,13:49.0,2020-02-19T08:13:48.997Z
7223,7224,1,915,10,500000,-8,7.0,27:04.5,2020-02-19T08:27:04.496Z
7225,7226,2,915,10,500000,-8,6.75,27:15.0,2020-02-19T08:27:15.013Z
7227,7228,3,915,10,500000,-8,6.75,27:25.5,2020-02-19T08:27:25.482Z
7229,7230,4,915,10,500000,-8,7.0,27:36.1,2020-02-19T08:27:36.054Z
7231,7232,5,915,10,500000,-8,7.0,27:46.5,2020-02-19T08:27:46.536Z
7313,7314,1,915,10,500000,-8,7.0,41:02.0,2020-02-19T08:41:01.964Z
7315,7316,2,915,10,500000,-8,7.0,41:12.6,2020-02-19T08:41:12.552Z
7317,7318,3,915,10,500000,-8,7.25,41:23.0,2020-02-19T08:41:23.044Z
7319,7320,4,915,10,500000,-8,6.5,41:33.5,2020-02-19T08:41:33.537Z
7321,7322,5,915,10,500000,-8,6.75,41:44.0,2020-02-19T08:41:43.987Z
7383,7384,1,915,10,500000,-8,7.25,54:59.0,2020-02-19T08:54:58.973Z
7385,7386,2,915,10,500000,-8,7.0,55:09.5,2020-02-19T08:55:09.500Z
7387,7388,3,915,10,500000,-8,6.75,55:20.0,2020-02-19T08:55:20.025Z
7389,7390,4,915,10,500000,-8,6.75,55:30.5,2020-02-19T08:55:30.496Z
7391,7392,5,915,10,500000,-8,7.25,55:41.0,2020-02-19T08:55:40.965Z
7472,7473,1,915,10,500000,-8,7.0,08:56.4,2020-02-19T09:08:56.440Z
7474,7475,2,915,10,500000,-8,7.25,09:07.3,2020-02-19T09:09:07.347Z
7476,7477,3,915,10,500000,-8,7.25,09:17.5,2020-02-19T09:09:17.469Z
7478,7479,4,915,10,500000,-8,6.75,09:28.0,2020-02-19T09:09:27.999Z
7480,7481,5,915,10,500000,-8,7.0,09:38.5,2020-02-19T09:09:38.484Z
7562,7563,1,915,10,500000,-8,6.75,22:53.8,2020-02-19T09:22:53.774Z
7564,7565,2,915,10,500000,-8,7.0,23:04.3,2020-02-19T09:23:04.273Z
7566,7567,3,915,10,500000,-8,7.0,23:14.8,2020-02-19T09:23:14.820Z
7568,7569,4,915,10,500000,-8,7.0,23:25.3,2020-02-19T09:23:25.296Z
7570,7571,5,915,10,500000,-8,7.25,23:35.8,2020-02-19T09:23:35.780Z
7652,7653,1,915,10,500000,-8,7.0,36:51.2,2020-02-19T09:36:51.161Z
7654,7655,2,915,10,500000,-8,7.0,37:01.6,2020-02-19T09:37:01.650Z
7656,7657,3,915,10,500000,-8,7.0,37:12.1,2020-02-19T09:37:12.129Z
7658,7659,4,915,10,500000,-8,7.0,37:22.7,2020-02-19T09:37:22.701Z
7660,7661,5,915,10,500000,-8,7.0,37:33.2,2020-02-19T09:37:33.175Z
7742,7743,1,915,10,500000,-8,6.75,50:48.6,2020-02-19T09:50:48.573Z
7744,7745,2,915,10,500000,-8,7.25,50:59.1,2020-02-19T09:50:59.141Z
7746,7747,3,915,10,500000,-8,7.0,51:09.9,2020-02-19T09:51:09.872Z
7748,7749,4,915,10,500000,-8,7.0,51:20.1,2020-02-19T09:51:20.133Z
7750,7751,5,915,10,500000,-8,7.25,51:30.6,2020-02-19T09:51:30.607Z
7831,7832,1,915,10,500000,-8,7.25,04:46.0,2020-02-19T10:04:45.963Z
7833,7834,2,915,10,500000,-8,7.0,04:56.4,2020-02-19T10:04:56.446Z
7835,7836,3,915,10,500000,-7,7.0,05:07.0,2020-02-19T10:05:07.009Z
7837,7838,4,915,10,500000,-8,7.0,05:17.4,2020-02-19T10:05:17.429Z
7839,7840,5,915,10,500000,-8,7.25,05:28.0,2020-02-19T10:05:27.988Z
7921,7922,1,915,10,500000,-8,7.0,18:43.0,2020-02-19T10:18:42.978Z
7923,7924,2,915,10,500000,-8,6.75,18:53.4,2020-02-19T10:18:53.424Z
7925,7926,3,915,10,500000,-8,7.0,19:03.9,2020-02-19T10:19:03.905Z
7927,7928,4,915,10,500000,-8,6.75,19:14.4,2020-02-19T10:19:14.399Z
7929,7930,5,915,10,500000,-8,6.75,19:24.9,2020-02-19T10:19:24.872Z
8011,8012,1,915,10,500000,-8,7.0,32:40.4,2020-02-19T10:32:40.379Z
8013,8014,2,915,10,500000,-8,7.25,32:50.9,2020-02-19T10:32:50.883Z
8015,8016,3,915,10,500000,-8,7.0,33:01.4,2020-02-19T10:33:01.355Z
8017,8018,4,915,10,500000,-8,7.0,33:11.9,2020-02-19T10:33:11.921Z
8019,8020,5,915,10,500000,-8,7.0,33:22.4,2020-02-19T10:33:22.374Z
8101,8102,1,915,10,500000,-8,7.25,46:37.6,2020-02-19T10:46:37.567Z
8103,8104,2,915,10,500000,-8,6.75,46:48.1,2020-02-19T10:46:48.141Z
8105,8106,3,915,10,500000,-8,7.0,46:58.6,2020-02-19T10:46:58.610Z
8107,8108,4,915,10,500000,-8,7.0,47:09.1,2020-02-19T10:47:09.083Z
8109,8110,5,915,10,500000,-8,6.75,47:19.6,2020-02-19T10:47:19.578Z
8191,8192,1,915,10,500000,-8,7.0,00:34.9,2020-02-19T11:00:34.863Z
8193,8194,2,915,10,500000,-8,6.75,00:45.4,2020-02-19T11:00:45.427Z
8195,8196,3,915,10,500000,-8,6.75,00:55.9,2020-02-19T11:00:55.927Z
8197,8198,4,915,10,500000,-7,7.0,01:06.4,2020-02-19T11:01:06.406Z
8199,8200,5,915,10,500000,-8,7.0,01:16.9,2020-02-19T11:01:16.884Z
8259,8260,1,915,10,500000,-7,7.5,14:31.9,2020-02-19T11:14:31.875Z
8261,8262,2,915,10,500000,-8,7.5,14:42.3,2020-02-19T11:14:42.350Z
8263,8264,3,915,10,500000,-8,7.0,14:53.1,2020-02-19T11:14:53.123Z
8265,8266,4,915,10,500000,-7,7.0,15:03.6,2020-02-19T11:15:03.597Z
8267,8268,5,915,10,500000,-10,6.25,15:14.1,2020-02-19T11:15:14.086Z
8349,8350,1,915,10,500000,-9,6.0,28:29.1,2020-02-19T11:28:29.106Z
8351,8352,2,915,10,500000,-9,6.75,28:39.6,2020-02-19T11:28:39.592Z
8353,8354,3,915,10,500000,-9,6.0,28:50.2,2020-02-19T11:28:50.173Z
8355,8356,4,915,10,500000,-9,6.25,29:00.6,2020-02-19T11:29:00.648Z
8357,8358,5,915,10,500000,-9,6.25,29:11.1,2020-02-19T11:29:11.136Z
8439,8440,1,915,10,500000,-9,6.0,42:26.1,2020-02-19T11:42:26.133Z
8441,8442,2,915,10,500000,-10,6.25,42:36.6,2020-02-19T11:42:36.622Z
8443,8444,3,915,10,500000,-10,6.25,42:47.1,2020-02-19T11:42:47.099Z
8445,8446,4,915,10,500000,-10,5.75,42:57.6,2020-02-19T11:42:57.618Z
8447,8448,5,915,10,500000,-10,6.0,43:08.2,2020-02-19T11:43:08.164Z
8529,8530,1,915,10,500000,-10,7.5,56:23.1,2020-02-19T11:56:23.111Z
8531,8532,2,915,10,500000,-10,8.5,56:33.7,2020-02-19T11:56:33.653Z
8533,8534,3,915,10,500000,-10,5.5,56:44.1,2020-02-19T11:56:44.132Z
8535,8536,4,915,10,500000,-9,5.75,56:54.6,2020-02-19T11:56:54.650Z
8537,8538,5,915,10,500000,-10,8.25,57:05.1,2020-02-19T11:57:05.130Z
8618,8619,1,915,10,500000,-10,8.0,10:20.1,2020-02-19T12:10:20.092Z
8620,8621,2,915,10,500000,-10,7.75,10:30.6,2020-02-19T12:10:30.568Z
8622,8623,3,915,10,500000,-9,5.5,10:41.1,2020-02-19T12:10:41.084Z
8624,8625,4,915,10,500000,-10,7.5,10:51.6,2020-02-19T12:10:51.561Z
8626,8627,5,915,10,500000,-10,6.25,11:02.0,2020-02-19T12:11:02.031Z
8708,8709,1,915,10,500000,-10,8.5,24:17.1,2020-02-19T12:24:17.090Z
8710,8711,2,915,10,500000,-9,6.5,24:27.6,2020-02-19T12:24:27.564Z
8712,8713,3,915,10,500000,-9,6.25,24:38.0,2020-02-19T12:24:38.037Z
8714,8715,4,915,10,500000,-10,5.75,24:48.5,2020-02-19T12:24:48.500Z
8716,8717,5,915,10,500000,-9,6.5,24:59.1,2020-02-19T12:24:59.068Z
8798,8799,1,915,10,500000,-9,6.75,38:14.1,2020-02-19T12:38:14.066Z
8800,8801,2,915,10,500000,-11,8.25,38:24.6,2020-02-19T12:38:24.609Z
8802,8803,3,915,10,500000,-10,8.0,38:35.1,2020-02-19T12:38:35.079Z
8804,8805,4,915,10,500000,-10,8.25,38:45.5,2020-02-19T12:38:45.550Z
8806,8807,5,915,10,500000,-9,5.25,38:56.1,2020-02-19T12:38:56.118Z
8888,8889,1,915,10,500000,-10,8.25,52:11.1,2020-02-19T12:52:11.106Z
8890,8891,2,915,10,500000,-10,8.75,52:21.6,2020-02-19T12:52:21.558Z
8892,8893,3,915,10,500000,-10,8.5,52:32.1,2020-02-19T12:52:32.128Z
8894,8895,4,915,10,500000,-9,6.75,52:42.6,2020-02-19T12:52:42.560Z
8896,8897,5,915,10,500000,-10,8.5,52:53.1,2020-02-19T12:52:53.128Z
8978,8979,1,915,10,500000,-10,8.5,06:08.1,2020-02-19T13:06:08.088Z
8980,8981,2,915,10,500000,-10,6.0,06:18.6,2020-02-19T13:06:18.589Z
8982,8983,3,915,10,500000,-10,8.0,06:29.1,2020-02-19T13:06:29.073Z
8984,8985,4,915,10,500000,-8,6.25,06:39.9,2020-02-19T13:06:39.862Z
8986,8987,5,915,10,500000,-9,6.25,06:50.3,2020-02-19T13:06:50.310Z
9064,9065,1,915,10,500000,-9,6.0,20:42.3,2020-02-19T13:20:42.300Z
9065,9066,2,915,10,500000,-10,8.0,20:57.4,2020-02-19T13:20:57.353Z
9067,9068,3,915,10,500000,-9,6.0,21:10.7,2020-02-19T13:21:10.735Z
9068,9069,4,915,10,500000,-10,8.25,21:25.3,2020-02-19T13:21:25.317Z
9069,9070,5,915,10,500000,-10,7.75,21:40.4,2020-02-19T13:21:40.353Z
9113,9114,1,915,10,500000,-10,5.75,37:45.6,2020-02-19T13:37:45.634Z
9115,9116,2,915,10,500000,-10,6.0,37:56.1,2020-02-19T13:37:56.133Z
9117,9118,3,915,10,500000,-9,6.25,38:06.6,2020-02-19T13:38:06.613Z
9119,9120,4,915,10,500000,-10,6.0,38:17.1,2020-02-19T13:38:17.077Z
9121,9122,5,915,10,500000,-10,6.0,38:27.7,2020-02-19T13:38:27.651Z
9179,9180,1,915,10,500000,-10,8.25,51:42.6,2020-02-19T13:51:42.570Z
9181,9182,2,915,10,500000,-10,6.0,51:53.1,2020-02-19T13:51:53.071Z
9183,9184,3,915,10,500000,-10,6.0,52:03.7,2020-02-19T13:52:03.655Z
9185,9186,4,915,10,500000,-10,6.25,52:14.1,2020-02-19T13:52:14.132Z
9187,9188,5,915,10,500000,-10,5.5,52:24.6,2020-02-19T13:52:24.604Z
9269,9270,1,915,10,500000,-10,7.75,05:39.6,2020-02-19T14:05:39.577Z
9271,9272,2,915,10,500000,-10,5.5,05:50.1,2020-02-19T14:05:50.090Z
9272,9273,3,915,10,500000,-10,7.75,06:00.6,2020-02-19T14:06:00.636Z
9274,9275,4,915,10,500000,-10,6.0,06:11.1,2020-02-19T14:06:11.125Z
9276,9277,5,915,10,500000,-10,5.75,06:21.7,2020-02-19T14:06:21.689Z
9357,9358,1,915,10,500000,-9,6.75,19:36.6,2020-02-19T14:19:36.598Z
9359,9360,2,915,10,500000,-8,6.75,19:47.1,2020-02-19T14:19:47.092Z
9361,9362,3,915,10,500000,-9,6.75,19:57.6,2020-02-19T14:19:57.558Z
9363,9364,4,915,10,500000,-10,5.25,20:08.3,2020-02-19T14:20:08.309Z
9365,9366,5,915,10,500000,-9,6.0,20:18.5,2020-02-19T14:20:18.537Z
9447,9448,1,915,10,500000,-10,8.25,33:33.6,2020-02-19T14:33:33.585Z
9449,9450,2,915,10,500000,-10,7.5,33:44.1,2020-02-19T14:33:44.076Z
9451,9452,3,915,10,500000,-10,7.75,33:54.6,2020-02-19T14:33:54.559Z
9453,9454,4,915,10,500000,-9,6.25,34:05.0,2020-02-19T14:34:05.027Z
9455,9456,5,915,10,500000,-10,7.5,34:15.6,2020-02-19T14:34:15.607Z
9537,9538,1,915,10,500000,-10,5.75,47:30.6,2020-02-19T14:47:30.553Z
9539,9540,2,915,10,500000,-10,6.0,47:41.1,2020-02-19T14:47:41.081Z
9541,9542,3,915,10,500000,-10,6.25,47:51.6,2020-02-19T14:47:51.559Z
9543,9544,4,915,10,500000,-9,5.75,48:02.0,2020-02-19T14:48:02.033Z
9545,9546,5,915,10,500000,-10,6.25,48:12.5,2020-02-19T14:48:12.523Z
9627,9628,1,915,10,500000,-10,5.25,01:27.6,2020-02-19T15:01:27.556Z
9629,9630,2,915,10,500000,-10,5.75,01:38.0,2020-02-19T15:01:38.028Z
9631,9632,3,915,10,500000,-10,6.25,01:48.6,2020-02-19T15:01:48.577Z
9633,9634,4,915,10,500000,-9,6.0,01:59.0,2020-02-19T15:01:59.049Z
9635,9636,5,915,10,500000,-10,5.75,02:10.0,2020-02-19T15:02:09.953Z
9717,9718,1,915,10,500000,-11,8.5,15:24.6,2020-02-19T15:15:24.579Z
9719,9720,2,915,10,500000,-10,8.0,15:35.1,2020-02-19T15:15:35.054Z
9721,9722,3,915,10,500000,-10,8.25,15:45.5,2020-02-19T15:15:45.499Z
9723,9724,4,915,10,500000,-10,8.25,15:56.1,2020-02-19T15:15:56.082Z
9725,9726,5,915,10,500000,-11,8.25,16:06.6,2020-02-19T15:16:06.560Z
9807,9808,1,915,10,500000,-11,8.5,29:21.5,2020-02-19T15:29:21.516Z
9809,9810,2,915,10,500000,-11,8.5,29:32.1,2020-02-19T15:29:32.082Z
9811,9812,3,915,10,500000,-11,8.0,29:42.5,2020-02-19T15:29:42.519Z
9813,9814,4,915,10,500000,-11,8.25,29:53.1,2020-02-19T15:29:53.082Z
9815,9816,5,915,10,500000,-11,8.0,30:03.6,2020-02-19T15:30:03.566Z
9897,9898,1,915,10,500000,-11,8.0,43:18.5,2020-02-19T15:43:18.499Z
9899,9900,2,915,10,500000,-11,8.0,43:29.0,2020-02-19T15:43:29.003Z
9901,9902,3,915,10,500000,-11,8.0,43:39.5,2020-02-19T15:43:39.492Z
9903,9904,4,915,10,500000,-11,8.25,43:50.1,2020-02-19T15:43:50.068Z
9905,9906,5,915,10,500000,-10,8.25,44:00.5,2020-02-19T15:44:00.538Z
9975,9976,1,915,10,500000,-9,6.25,57:16.3,2020-02-19T15:57:16.283Z
9977,9978,2,915,10,500000,-10,6.0,57:26.7,2020-02-19T15:57:26.747Z
9979,9980,3,915,10,500000,-10,5.5,57:37.3,2020-02-19T15:57:37.317Z
9981,9982,4,915,10,500000,-8,6.25,57:47.8,2020-02-19T15:57:47.793Z
9983,9984,5,915,10,500000,-9,6.0,57:58.6,2020-02-19T15:57:58.567Z
10054,10055,1,915,10,500000,-10,7.5,11:13.6,2020-02-19T16:11:13.563Z
10056,10057,2,915,10,500000,-10,6.0,11:24.0,2020-02-19T16:11:24.017Z
10058,10059,3,915,10,500000,-10,6.25,11:34.6,2020-02-19T16:11:34.564Z
10060,10061,4,915,10,500000,-10,8.0,11:45.0,2020-02-19T16:11:45.046Z
10062,10063,5,915,10,500000,-9,7.5,11:55.5,2020-02-19T16:11:55.528Z
10144,10145,1,915,10,500000,-10,8.25,25:10.6,2020-02-19T16:25:10.561Z
10146,10147,2,915,10,500000,-10,7.75,25:21.1,2020-02-19T16:25:21.076Z
10148,10149,3,915,10,500000,-12,7.0,25:31.5,2020-02-19T16:25:31.542Z
10150,10151,4,915,10,500000,-10,8.25,25:42.0,2020-02-19T16:25:42.022Z
10152,10153,5,915,10,500000,-10,7.75,25:52.6,2020-02-19T16:25:52.595Z
